53	313
53	323
53	344
53	363
53	370
53	383
53	386
53	396
53	410
53	424
53	432
53	439
53	459
53	461
53	466
53	482
53	483
53	496
54	77
54	84
54	91
54	94
54	105
54	116
54	148
54	149
54	150
54	185
54	224
54	234
54	252
54	256
54	283
54	293
54	295
54	300
54	304
54	322
54	335
54	358
54	360
54	363
54	402
54	405
54	421
54	440
54	442
54	459
54	461
54	463
54	467
54	497
55	72
55	92
55	107
55	113
55	115
55	121
55	127
55	139
55	161
55	165
55	167
55	201
55	216
55	237
55	238
55	257
55	260
55	324
55	328
55	336
55	346
55	370
55	393
55	401
55	404
55	423
55	429
55	444
55	446
55	449
55	467
55	473
55	478
55	479
55	481
55	483
55	490
55	493
56	64
56	66
56	76
56	98
56	143
56	148
56	149
56	157
56	175
56	177
56	182
56	199
56	206
56	229
56	235
56	258
56	260
56	273
56	275
56	277
56	286
56	293
56	310
56	336
56	366
56	375
56	388
56	396
56	408
56	417
56	419
56	455
56	465
56	468
56	472
56	497
57	59
57	61
57	62
57	75
57	83
57	110
57	115
57	139
57	155
57	159
57	167
57	194
57	199
57	212
57	217
57	242
57	245
57	252
57	257
57	275
57	301
57	302
57	332
57	339
57	352
57	356
57	364
57	377
57	383
57	384
57	390
57	410
57	426
57	442
57	443
57	446
57	447
57	452
57	454
57	456
57	465
57	466
57	471
57	485
57	494
58	64
58	67
58	70
58	71
58	77
58	85
58	86
58	92
58	96
58	105
58	134
58	136
58	137
58	151
58	177
58	196
58	223
58	230
58	232
58	233
58	243
58	252
58	256
58	267
58	269
58	283
58	289
58	319
58	343
58	353
58	360
58	361
58	370
58	374
58	379
58	391
58	393
58	411
58	429
58	440
58	454
58	457
58	490
58	492
58	496
58	497
59	62
59	64
59	67
59	95
59	100
59	112
59	115
59	123
59	124
59	125
59	133
59	146
59	184
59	189
59	210
59	214
59	258
59	262
59	273
59	277
59	278
59	284
59	297
59	315
59	320
59	332
59	347
59	365
59	375
59	376
59	383
59	385
59	391
59	397
59	402
59	409
59	412
59	425
59	443
59	445
59	447
59	459
59	460
59	470
59	477
59	487
60	61
60	68
60	77
60	88
60	93
60	94
60	100
60	105
60	108
60	110
60	111
60	120
60	136
60	139
60	143
60	145
60	148
60	182
60	198
60	200
60	206
60	222
60	241
60	258
60	260
60	265
60	274
60	278
60	300
60	315
60	318
60	319
60	343
60	347
60	351
60	363
60	367
60	385
60	391
60	395
60	400
60	422
60	424
60	425
60	432
60	454
60	467
60	487
61	65
61	68
61	116
61	133
61	149
61	157
61	160
61	161
61	173
61	177
61	188
61	195
61	220
61	222
61	224
61	227
61	237
61	248
61	255
61	265
61	289
61	290
61	291
61	295
61	299
61	319
61	320
61	346
61	359
61	383
61	384
61	392
61	398
61	404
61	411
61	413
61	420
61	421
61	428
61	433
61	446
61	447
61	455
61	464
61	471
61	478
61	483
61	486
61	497
62	64
62	76
62	77
62	83
62	89
62	96
62	106
62	108
62	111
62	120
62	130
62	138
62	151
62	200
62	213
62	221
62	262
62	302
62	305
62	306
62	308
62	309
62	311
62	329
62	354
62	356
62	374
62	394
62	402
62	443
62	444
62	478
62	491
63	97
63	98
63	106
63	115
63	144
63	151
63	160
63	166
63	184
63	189
63	191
63	204
63	208
63	220
63	253
63	260
63	263
63	273
63	277
63	291
63	297
63	337
63	339
63	357
63	365
63	381
63	406
63	437
63	454
63	476
63	483
64	79
64	81
64	92
64	103
64	116
64	118
64	130
64	139
64	164
64	165
64	171
64	172
64	181
64	196
64	197
64	207
64	217
64	226
64	235
64	238
64	260
64	266
64	286
64	291
64	300
64	306
64	309
64	310
64	312
64	313
64	332
64	333
64	340
64	346
64	360
64	379
64	381
64	388
64	390
64	394
64	398
64	426
64	437
64	440
64	445
64	456
64	461
64	464
64	467
64	489
65	74
65	78
65	94
65	106
65	116
65	120
65	132
65	149
65	166
65	169
65	173
65	187
65	192
65	196
65	212
65	227
65	250
65	253
65	263
65	296
65	318
65	337
65	339
65	354
65	368
65	378
65	389
65	393
65	397
65	399
65	428
65	436
65	456
65	465
65	475
65	484
65	486
65	492
65	494
66	67
66	77
66	81
66	83
66	85
66	98
66	101
66	103
66	111
66	130
66	140
66	155
66	176
66	192
66	195
66	196
66	205
66	206
66	254
66	256
66	280
66	300
66	312
66	320
66	324
66	326
66	334
66	354
66	358
66	362
66	364
66	370
66	376
66	394
66	410
66	419
66	429
66	438
66	447
66	454
66	465
66	476
66	483
67	78
67	95
67	114
67	121
67	129
67	144
67	148
67	163
67	168
67	171
67	177
67	180
67	184
67	204
67	211
67	217
67	224
67	229
67	239
67	273
67	277
67	285
67	291
67	319
67	322
67	335
67	337
67	339
67	363
67	372
67	373
67	377
67	398
67	406
67	409
67	410
67	419
67	420
67	431
67	434
67	454
67	456
67	458
67	461
67	476
67	478
67	480
67	488
67	490
67	496
68	70
68	77
68	81
68	82
68	86
68	101
68	106
68	125
68	129
68	131
68	143
68	144
68	149
68	162
68	168
68	176
68	182
68	192
68	212
68	218
68	246
68	271
68	274
68	278
68	287
68	292
68	321
68	325
68	326
68	370
68	375
68	380
68	388
68	390
68	396
68	403
68	433
68	442
68	447
68	454
68	467
68	475
68	480
68	481
68	482
68	484
68	495
69	75
69	93
69	102
69	136
69	144
69	166
69	195
69	223
69	226
69	232
69	233
69	243
69	251
69	281
69	301
69	309
69	325
69	332
69	337
69	339
69	340
69	344
69	345
69	360
69	362
69	380
69	390
69	403
69	404
69	410
69	417
69	421
69	436
69	439
69	450
69	486
69	489
69	493
70	75
70	84
70	88
70	94
70	107
70	112
70	119
70	133
70	136
70	141
70	145
70	148
70	153
70	154
70	179
70	189
70	259
70	276
70	317
70	321
70	334
70	350
70	354
70	355
70	359
70	370
70	381
70	390
70	394
70	406
70	422
70	426
70	441
70	443
70	448
70	457
70	484
70	497
71	83
71	93
71	116
71	122
71	135
71	149
71	170
71	175
71	187
71	236
71	239
71	256
71	265
71	292
71	308
71	311
71	312
71	316
71	335
71	342
71	347
71	356
71	368
71	373
71	401
71	414
71	417
71	426
71	443
71	448
71	452
71	458
71	465
71	466
71	472
71	476
71	497
72	79
72	91
72	93
72	109
72	113
72	125
72	143
72	144
72	168
72	169
72	180
72	212
72	216
72	222
72	226
72	227
72	230
72	247
72	253
72	255
72	256
72	260
72	264
72	266
72	281
72	295
72	298
72	299
72	302
72	309
72	313
72	317
72	342
72	343
72	346
72	385
72	389
72	394
72	396
72	399
72	408
72	413
72	424
72	433
72	436
72	437
72	458
72	461
72	463
72	495
73	75
73	118
73	121
73	132
73	143
73	144
73	149
73	155
73	165
73	176
73	191
73	199
73	203
73	212
73	217
73	220
73	235
73	251
73	255
73	302
73	314
73	334
73	340
73	354
73	364
73	371
73	382
73	420
73	430
73	439
73	448
73	467
73	472
73	478
73	479
73	481
74	98
74	105
74	109
74	112
74	113
74	165
74	173
74	184
74	196
74	198
74	201
74	202
74	217
74	226
74	233
74	235
74	237
74	240
74	262
74	276
74	284
74	285
74	287
74	300
74	302
74	307
74	308
74	313
74	314
74	315
74	329
74	333
74	350
74	377
74	381
74	415
74	423
74	439
74	441
74	451
74	455
74	484
74	486
74	495
75	80
75	92
75	99
75	107
75	123
75	128
75	137
75	141
75	150
75	151
75	153
75	158
75	168
75	174
75	182
75	200
75	209
75	214
75	215
75	216
75	220
75	228
75	233
75	248
75	253
75	261
75	277
75	284
75	326
75	358
75	364
75	400
75	412
75	421
75	423
75	439
75	470
75	491
75	494
76	77
76	93
76	100
76	105
76	106
76	109
76	131
76	151
76	153
76	164
76	165
76	173
76	183
76	205
76	218
76	233
76	234
76	258
76	259
76	270
76	271
76	273
76	286
76	289
76	315
76	332
76	349
76	355
76	357
76	360
76	363
76	369
76	417
76	423
76	424
76	425
76	439
76	442
76	452
76	454
76	458
76	464
76	465
76	469
76	477
76	489
77	80
77	86
77	87
77	91
77	104
77	129
77	145
77	176
77	181
77	185
77	207
77	211
77	221
77	230
77	233
77	238
77	244
77	248
77	255
77	256
77	264
77	283
77	295
77	306
77	308
77	321
77	323
77	332
77	348
77	355
77	380
77	382
77	385
77	388
77	390
77	396
77	397
77	402
77	418
77	425
77	429
77	432
77	434
77	446
77	451
77	466
77	474
77	484
77	487
77	493
78	83
78	94
78	103
78	104
78	105
78	112
78	123
78	137
78	143
78	146
78	148
78	149
78	175
78	181
78	188
78	190
78	199
78	201
78	209
78	212
78	222
78	231
78	234
78	235
78	254
78	263
78	282
78	284
78	296
78	312
78	316
78	328
78	333
78	337
78	338
78	345
78	347
78	351
78	362
78	363
78	364
78	390
78	393
78	394
78	403
78	409
78	417
78	428
78	448
78	452
78	456
78	476
78	478
78	489
78	494
79	100
79	104
79	121
79	148
79	156
79	159
79	186
79	200
79	213
79	220
79	230
79	235
79	237
79	261
79	264
79	270
79	275
79	285
79	289
79	291
79	304
79	310
79	319
79	320
79	338
79	351
79	357
79	359
79	393
79	396
79	410
79	420
79	422
79	436
79	440
79	442
79	477
80	129
80	141
80	150
80	160
80	162
80	165
80	168
80	206
80	217
80	231
80	239
80	251
80	259
80	261
80	267
80	274
80	296
80	301
80	302
80	320
80	323
80	331
80	340
80	349
80	362
80	366
80	368
80	385
80	399
80	406
80	411
80	447
80	460
80	486
81	87
81	137
81	188
81	212
81	220
81	226
81	228
81	234
81	244
81	255
81	263
81	284
81	298
81	336
81	368
81	371
81	373
81	376
81	385
81	397
81	404
81	405
81	407
81	430
81	441
81	442
81	486
82	87
82	111
82	125
82	126
82	134
82	139
82	146
82	160
82	187
82	193
82	194
82	225
82	235
82	237
82	238
82	241
82	242
82	256
82	272
82	273
82	274
82	279
82	288
82	305
82	306
82	312
82	318
82	323
82	359
82	361
82	372
82	373
82	384
82	407
82	408
82	414
82	417
82	419
82	460
82	480
82	483
82	499
83	90
83	118
83	119
83	125
83	132
83	143
83	144
83	175
83	177
83	194
83	223
83	225
83	228
83	241
83	266
83	271
83	274
83	282
83	283
83	286
83	289
83	297
83	302
83	315
83	331
83	337
83	340
83	386
83	391
83	399
83	422
83	430
83	444
83	459
83	460
83	462
83	464
83	466
84	90
84	91
84	127
84	130
84	197
84	206
84	244
84	247
84	248
84	249
84	262
84	284
84	287
84	297
84	316
84	333
84	345
84	347
84	350
84	355
84	365
84	369
84	397
84	419
84	422
84	426
84	427
84	432
84	435
84	486
84	488
84	495
84	499
85	99
85	104
85	105
85	120
85	123
85	132
85	135
85	143
85	161
85	172
85	176
85	209
85	218
85	233
85	254
85	260
85	267
85	300
85	319
85	333
85	345
85	348
85	350
85	356
85	364
85	389
85	407
85	416
85	422
85	430
85	438
85	454
85	468
85	474
85	477
85	478
85	494
86	90
86	93
86	99
86	116
86	134
86	149
86	153
86	171
86	182
86	201
86	214
86	225
86	236
86	238
86	241
86	257
86	287
86	289
86	309
86	310
86	339
86	347
86	349
86	375
86	398
86	400
86	412
86	422
86	425
86	427
86	431
86	451
86	455
86	486
86	488
87	96
87	109
87	115
87	117
87	123
87	134
87	139
87	163
87	164
87	165
87	169
87	179
87	195
87	206
87	215
87	264
87	265
87	285
87	288
87	306
87	307
87	315
87	318
87	335
87	343
87	344
87	348
87	353
87	358
87	372
87	378
87	388
87	447
87	459
87	469
87	480
87	490
88	89
88	114
88	123
88	141
88	145
88	156
88	164
88	171
88	173
88	188
88	192
88	214
88	227
88	231
88	232
88	241
88	269
88	272
88	274
88	275
88	284
88	291
88	301
88	306
88	308
88	309
88	313
88	327
88	341
88	345
88	351
88	362
88	380
88	381
88	382
88	386
88	411
88	427
88	434
88	436
88	457
88	472
88	486
88	495
88	497
89	90
89	98
89	103
89	104
89	118
89	128
89	147
89	151
89	172
89	180
89	191
89	194
89	209
89	218
89	223
89	235
89	239
89	240
89	243
89	244
89	270
89	279
89	281
89	287
89	295
89	296
89	335
89	340
89	348
89	362
89	364
89	371
89	386
89	390
89	400
89	401
89	403
89	407
89	421
89	461
89	467
89	468
89	489
89	499
90	91
90	98
90	101
90	144
90	151
90	159
90	193
90	195
90	197
90	202
90	205
90	207
90	209
90	210
90	223
90	228
90	237
90	254
90	272
90	286
90	287
90	291
90	308
90	310
90	317
90	325
90	330
90	351
90	352
90	359
90	373
90	425
90	461
90	480
90	488
91	97
91	111
91	113
91	130
91	137
91	147
91	160
91	163
91	167
91	172
91	184
91	194
91	208
91	224
91	243
91	248
91	298
91	324
91	327
91	329
91	334
91	342
91	360
91	366
91	397
91	401
91	407
91	416
91	431
91	442
91	456
91	457
91	474
91	497
92	127
92	156
92	192
92	196
92	199
92	203
92	214
92	219
92	243
92	250
92	269
92	272
92	275
92	277
92	279
92	298
92	319
92	333
92	340
92	344
92	347
92	365
92	368
92	391
92	394
92	395
92	409
92	416
92	417
92	424
92	427
92	460
92	463
92	477
92	478
92	479
92	494
92	495
93	106
93	110
93	121
93	132
93	135
93	139
93	149
93	157
93	188
93	210
93	211
93	212
93	224
93	227
93	257
93	267
93	294
93	295
93	334
93	345
93	346
93	350
93	358
93	371
93	378
93	386
93	407
93	410
93	411
93	424
93	427
93	441
93	442
93	448
93	471
93	481
93	488
93	495
94	95
94	97
94	112
94	116
94	144
94	150
94	154
94	158
94	170
94	171
94	212
94	218
94	227
94	239
94	242
94	245
94	251
94	258
94	259
94	263
94	268
94	272
94	274
94	284
94	289
94	290
94	292
94	293
94	299
94	307
94	317
94	323
94	325
94	364
94	368
94	373
94	375
94	381
94	383
94	389
94	400
94	402
94	405
94	451
94	469
94	477
94	487
94	492
95	107
95	112
95	119
95	127
95	135
95	138
95	147
95	152
95	155
95	165
95	180
95	185
95	200
95	201
95	207
95	255
95	261
95	270
95	305
95	318
95	328
95	343
95	349
95	378
95	387
95	397
95	404
95	408
95	427
95	434
95	438
95	440
95	443
95	478
95	487
96	107
96	149
96	160
96	165
96	167
96	169
96	179
96	194
96	209
96	212
96	226
96	229
96	245
96	257
96	267
96	273
96	279
96	282
96	297
96	307
96	308
96	319
96	328
96	334
96	339
96	341
96	345
96	347
96	372
96	377
96	378
96	391
96	395
96	397
96	429
96	453
96	465
96	469
96	486
96	494
97	100
97	105
97	123
97	126
97	129
97	135
97	144
97	146
97	147
97	156
97	160
97	165
97	201
97	213
97	218
97	233
97	238
97	250
97	256
97	266
97	287
97	298
97	311
97	316
97	319
97	327
97	335
97	338
97	387
97	395
97	412
97	420
97	421
97	436
97	437
97	439
97	447
97	498
98	106
98	116
98	125
98	139
98	140
98	160
98	165
98	174
98	178
98	189
98	192
98	195
98	196
98	201
98	203
98	213
98	229
98	235
98	254
98	259
98	280
98	294
98	301
98	306
98	309
98	311
98	341
98	342
98	344
98	365
98	376
98	380
98	385
98	396
98	402
98	405
98	413
98	416
98	421
98	425
98	429
98	436
98	445
98	446
98	462
98	479
98	486
98	498
99	122
99	128
99	142
99	161
99	165
99	174
99	202
99	210
99	221
99	234
99	238
99	247
99	250
99	277
99	293
99	311
99	313
99	315
99	321
99	326
99	327
99	332
99	334
99	343
99	356
99	362
99	368
99	377
99	379
99	408
99	429
99	440
99	474
99	483
99	492
100	101
100	102
100	139
100	146
100	171
100	182
100	186
100	202
100	210
100	251
100	266
100	269
100	275
100	276
100	292
100	303
100	304
100	307
100	313
100	335
100	341
100	342
100	344
100	365
100	366
100	371
100	375
100	417
100	418
100	423
100	449
100	450
100	471
100	478
100	482
100	498
101	109
101	119
101	133
101	135
101	141
101	143
101	166
101	179
101	187
101	208
101	212
101	224
101	230
101	239
101	250
101	258
101	267
101	270
101	279
101	287
101	292
101	332
101	336
101	347
101	353
101	360
101	362
101	364
101	378
101	395
101	396
101	399
101	406
101	420
101	430
101	443
101	444
101	453
101	459
101	466
101	467
101	470
101	493
101	499
102	126
102	136
102	169
102	192
102	203
102	211
102	214
102	222
102	223
102	257
102	265
102	296
102	309
102	331
102	338
102	356
102	363
102	365
102	375
102	377
102	382
102	397
102	415
102	423
102	442
102	443
102	447
102	448
102	476
102	479
102	482
102	497
103	134
103	146
103	151
103	156
103	178
103	182
103	186
103	193
103	194
103	209
103	230
103	255
103	258
103	269
103	278
103	285
103	300
103	308
103	314
103	330
103	334
103	339
103	348
103	353
103	378
103	380
103	421
103	433
103	439
103	446
103	448
103	451
103	466
103	468
103	498
104	111
104	133
104	158
104	169
104	194
104	207
104	208
104	220
104	225
104	227
104	228
104	230
104	234
104	247
104	250
104	254
104	256
104	263
104	270
104	271
104	303
104	320
104	369
104	378
104	389
104	391
104	398
104	406
104	420
104	423
104	427
104	439
104	457
104	459
104	465
104	471
104	472
104	481
104	482
105	110
105	113
105	121
105	126
105	129
105	154
105	163
105	175
105	177
105	180
105	185
105	211
105	215
105	218
105	233
105	238
105	255
105	271
105	287
105	295
105	312
105	317
105	323
105	327
105	353
105	378
105	384
105	386
105	399
105	401
105	403
105	442
105	443
105	449
105	453
105	461
106	129
106	142
106	144
106	154
106	155
106	169
106	186
106	189
106	199
106	215
106	216
106	223
106	227
106	240
106	246
106	263
106	289
106	298
106	306
106	315
106	316
106	317
106	328
106	329
106	330
106	333
106	334
106	339
106	341
106	347
106	363
106	369
106	431
106	445
106	452
106	482
107	127
107	139
107	152
107	160
107	195
107	202
107	213
107	223
107	239
107	253
107	271
107	278
107	282
107	283
107	289
107	294
107	309
107	310
107	328
107	334
107	353
107	363
107	367
107	372
107	375
107	386
107	393
107	396
107	414
107	419
107	420
107	429
107	430
107	440
107	450
107	456
107	490
107	498
108	111
108	123
108	144
108	174
108	192
108	193
108	202
108	205
108	211
108	212
108	213
108	222
108	225
108	248
108	253
108	258
108	260
108	263
108	285
108	298
108	299
108	315
108	338
108	346
108	359
108	365
108	373
108	374
108	399
108	413
108	419
108	421
108	429
108	437
108	442
108	447
108	451
108	452
108	469
108	499
109	114
109	123
109	128
109	150
109	151
109	162
109	173
109	174
109	185
109	191
109	219
109	234
109	248
109	267
109	273
109	274
109	287
109	288
109	313
109	317
109	325
109	329
109	343
109	364
109	376
109	391
109	399
109	422
109	431
109	476
109	480
109	485
109	495
110	129
110	155
110	160
110	176
110	182
110	189
110	192
110	205
110	208
110	220
110	229
110	241
110	248
110	265
110	275
110	283
110	293
110	295
110	302
110	309
110	340
110	344
110	355
110	357
110	373
110	386
110	387
110	397
110	400
110	423
110	432
110	436
110	447
110	453
110	462
110	474
110	483
110	484
110	491
111	117
111	119
111	126
111	127
111	144
111	147
111	148
111	151
111	154
111	172
111	173
111	178
111	229
111	238
111	241
111	254
111	260
111	286
111	300
111	308
111	318
111	332
111	336
111	342
111	360
111	363
111	367
111	384
111	424
111	426
111	430
111	464
111	476
111	477
111	478
111	482
111	488
112	113
112	130
112	136
112	150
112	163
112	177
112	198
112	200
112	224
112	229
112	249
112	263
112	267
112	307
112	309
112	334
112	335
112	341
112	350
112	351
112	358
112	359
112	371
112	388
112	396
112	405
112	406
112	429
112	435
112	442
112	448
112	456
112	463
112	466
112	475
113	135
113	139
113	151
113	166
113	173
113	178
113	190
113	194
113	218
113	222
113	242
113	247
113	248
113	258
113	299
113	316
113	333
113	344
113	359
113	386
113	390
113	392
113	402
113	409
113	415
113	426
113	427
113	430
113	433
113	453
113	481
114	130
114	152
114	155
114	161
114	165
114	202
114	206
114	237
114	255
114	279
114	288
114	305
114	326
114	342
114	346
114	380
114	406
114	417
114	420
114	422
114	425
114	428
114	443
114	460
114	461
114	464
114	470
114	475
114	492
114	494
114	496
114	498
115	138
115	146
115	154
115	162
115	165
115	178
115	184
115	224
115	239
115	258
115	260
115	268
115	270
115	273
115	287
115	300
115	315
115	321
115	347
115	361
115	369
115	371
115	391
115	395
115	402
