187	260
187	261
187	268
187	284
187	292
187	302
187	304
187	319
187	327
187	334
187	373
187	399
187	401
187	442
188	199
188	202
188	220
188	238
188	247
188	248
188	250
188	258
188	301
188	317
188	331
188	337
188	340
188	355
188	361
188	384
188	399
188	414
188	418
188	422
188	448
188	452
188	458
188	459
188	460
188	485
188	490
188	492
189	190
189	191
189	195
189	203
189	241
189	249
189	262
189	269
189	271
189	289
189	307
189	315
189	321
189	324
189	331
189	341
189	356
189	365
189	372
189	387
189	390
189	399
189	428
189	444
189	446
189	447
189	448
189	452
189	455
189	459
189	480
189	492
190	198
190	203
190	206
190	243
190	252
190	254
190	268
190	270
190	274
190	288
190	301
190	312
190	314
190	323
190	324
190	334
190	345
190	346
190	347
190	354
190	361
190	362
190	371
190	376
190	397
190	400
190	411
190	420
190	430
190	469
191	203
191	207
191	210
191	216
191	217
191	235
191	246
191	249
191	265
191	269
191	271
191	297
191	302
191	306
191	311
191	325
191	353
191	367
191	369
191	381
191	382
191	409
191	411
191	419
191	426
191	430
191	449
191	458
191	459
191	467
191	487
191	489
191	496
191	498
192	209
192	221
192	223
192	236
192	243
192	254
192	286
192	287
192	298
192	306
192	334
192	336
192	357
192	364
192	377
192	379
192	381
192	383
192	412
192	424
192	425
192	431
192	435
192	436
192	437
192	443
192	446
192	460
192	467
192	472
192	483
192	494
192	495
192	497
193	200
193	201
193	207
193	212
193	251
193	253
193	273
193	288
193	306
193	315
193	327
193	353
193	368
193	372
193	373
193	377
193	379
193	401
193	409
193	420
193	421
193	425
193	445
193	470
193	476
193	481
193	486
194	229
194	271
194	317
194	327
194	329
194	343
194	348
194	384
194	408
194	418
194	419
194	424
194	430
194	456
194	457
194	461
194	466
194	468
194	474
194	481
194	483
194	490
194	495
195	202
195	215
195	218
195	234
195	252
195	253
195	256
195	289
195	290
195	294
195	311
195	313
195	315
195	340
195	341
195	353
195	361
195	389
195	409
195	413
195	418
195	421
195	424
195	438
195	444
195	448
195	459
195	465
195	466
195	472
195	475
196	197
196	201
196	210
196	212
196	215
196	218
196	222
196	237
196	256
196	262
196	264
196	270
196	272
196	277
196	294
196	310
196	354
196	380
196	385
196	391
196	401
196	407
196	408
196	411
196	440
196	452
196	473
196	476
196	484
197	204
197	224
197	234
197	240
197	265
197	269
197	273
197	276
197	278
197	279
197	286
197	293
197	322
197	328
197	332
197	334
197	366
197	382
197	383
197	417
197	459
197	464
197	468
197	487
197	499
198	215
198	240
198	254
198	266
198	271
198	277
198	278
198	287
198	292
198	305
198	307
198	311
198	316
198	321
198	330
198	342
198	352
198	377
198	379
198	418
198	438
198	448
198	449
198	456
198	490
199	201
199	219
199	222
199	230
199	253
199	262
199	264
199	293
199	300
199	303
199	326
199	327
199	331
199	358
199	370
199	376
199	377
199	392
199	427
199	432
199	445
199	458
199	469
199	471
199	475
199	492
200	224
200	229
200	252
200	263
200	264
200	292
200	301
200	321
200	339
200	353
200	354
200	378
200	396
200	405
200	425
200	454
200	455
200	466
200	468
200	489
201	208
201	261
201	274
201	279
201	297
201	308
201	312
201	318
201	320
201	335
201	353
201	360
201	361
201	381
201	402
201	407
201	418
201	419
201	437
201	456
201	464
201	465
201	468
201	469
201	472
201	473
202	224
202	246
202	259
202	281
202	284
202	285
202	288
202	305
202	306
202	319
202	321
202	331
202	336
202	340
202	371
202	376
202	407
202	408
202	409
202	411
202	414
202	423
202	438
202	466
203	213
203	235
203	246
203	251
203	255
203	262
203	265
203	266
203	267
203	272
203	281
203	285
203	288
203	290
203	304
203	315
203	343
203	346
203	353
203	359
203	371
203	379
203	381
203	392
203	416
203	427
203	428
203	467
203	474
203	475
203	485
204	205
204	206
204	209
204	216
204	233
204	235
204	242
204	253
204	254
204	266
204	268
204	291
204	302
204	312
204	322
204	345
204	350
204	358
204	360
204	366
204	382
204	393
204	416
204	427
204	438
204	447
204	476
204	488
205	221
205	254
205	265
205	269
205	293
205	305
205	309
205	315
205	318
205	335
205	340
205	363
205	365
205	399
205	415
205	423
205	428
205	446
205	452
205	483
205	484
205	492
205	494
206	207
206	209
206	210
206	212
206	224
206	230
206	237
206	249
206	292
206	300
206	324
206	327
206	330
206	331
206	352
206	356
206	357
206	364
206	368
206	370
206	376
206	384
206	392
206	406
206	408
206	413
206	418
206	425
206	427
206	431
206	433
206	454
206	469
206	481
206	482
206	484
206	499
207	210
207	229
207	240
207	243
207	254
207	269
207	279
207	284
207	295
207	307
207	309
207	314
207	315
207	317
207	322
207	324
207	392
207	417
207	440
207	455
207	457
207	463
207	483
207	487
208	214
208	236
208	238
208	259
208	262
208	283
208	284
208	291
208	295
208	298
208	307
208	314
208	316
208	331
208	358
208	363
208	365
208	367
208	372
208	376
208	383
208	392
208	400
208	409
208	419
208	424
208	431
208	444
208	448
208	456
208	465
208	466
208	468
208	479
208	485
208	486
208	488
209	210
209	218
209	226
209	233
209	244
209	251
209	263
209	275
209	276
209	277
209	279
209	293
209	299
209	314
209	342
209	371
209	373
209	391
209	392
209	403
209	406
209	407
209	410
209	426
209	433
209	437
209	444
209	464
209	475
210	230
210	237
210	249
210	258
210	282
210	286
210	316
210	325
210	338
210	341
210	352
210	363
210	366
210	382
210	383
210	395
210	415
210	416
210	419
210	421
210	434
210	452
210	456
210	461
210	475
210	491
210	494
211	218
211	224
211	244
211	247
211	254
211	257
211	258
211	272
211	277
211	287
211	296
211	305
211	313
211	317
211	335
211	336
211	340
211	344
211	347
211	359
211	363
211	364
211	365
211	372
211	387
211	388
211	445
211	457
211	481
211	485
211	497
212	222
212	233
212	237
212	279
212	282
212	295
212	301
212	350
212	361
212	374
212	389
212	398
212	400
212	408
212	414
212	418
212	419
212	420
212	458
212	486
212	493
212	498
213	248
213	261
213	264
213	301
213	307
213	329
213	350
213	353
213	356
213	381
213	382
213	383
213	392
213	405
213	412
213	413
213	414
213	415
213	423
213	428
213	468
213	473
213	483
213	488
213	493
214	215
214	232
214	238
214	245
214	246
214	253
214	276
214	277
214	285
214	292
214	304
214	305
214	307
214	325
214	326
214	330
214	359
214	362
214	363
214	369
214	381
214	398
214	403
214	413
214	427
214	443
214	450
214	460
214	463
214	471
214	480
214	481
215	223
215	236
215	251
215	261
215	263
215	269
215	295
215	298
215	300
215	311
215	316
215	325
215	329
215	339
215	358
215	381
215	391
215	395
215	401
215	405
215	409
215	411
215	421
215	427
215	471
215	487
216	233
216	234
216	254
216	256
216	257
216	274
216	275
216	293
216	327
216	328
216	331
216	355
216	366
216	373
216	374
216	388
216	394
216	395
216	397
216	401
216	406
216	411
216	412
216	414
216	417
216	421
216	424
216	426
216	436
216	445
216	458
216	462
216	475
216	483
216	494
216	498
217	222
217	227
217	234
217	238
217	246
217	268
217	272
217	273
217	282
217	290
217	292
217	318
217	322
217	333
217	361
217	364
217	366
217	372
217	376
217	379
217	390
217	392
217	399
217	402
217	404
217	443
217	444
217	447
217	452
217	458
217	463
217	478
218	237
218	245
218	252
218	270
218	271
218	281
218	285
218	292
218	294
218	303
218	311
218	312
218	318
218	322
218	325
218	350
218	364
218	373
218	376
218	386
218	399
218	402
218	407
218	415
218	428
218	430
218	441
218	445
218	462
218	464
218	496
219	228
219	235
219	236
219	240
219	248
219	258
219	259
219	264
219	267
219	288
219	294
219	296
219	299
219	322
219	327
219	331
219	333
219	342
219	345
219	361
219	430
219	449
219	463
219	471
219	477
219	492
220	221
220	235
220	272
220	277
220	280
220	282
220	297
220	298
220	304
220	305
220	316
220	320
220	328
220	333
220	353
220	357
220	365
220	387
220	396
220	429
220	431
220	441
220	473
220	481
220	490
221	236
221	237
221	241
221	266
221	274
221	279
221	284
221	285
221	287
221	290
221	293
221	298
221	307
221	350
221	373
221	381
221	389
221	400
221	413
221	419
221	424
221	430
221	442
221	444
221	449
221	452
221	469
221	474
221	475
222	236
222	237
222	240
222	247
222	250
222	280
222	281
222	285
222	288
222	289
222	313
222	323
222	327
222	336
222	338
222	345
222	363
222	376
222	398
222	405
222	409
222	414
222	425
222	444
222	454
222	455
222	456
222	475
222	486
223	240
223	257
223	286
223	293
223	299
223	337
223	370
223	375
223	381
223	383
223	406
223	415
223	417
223	420
223	421
223	431
223	434
223	458
223	460
223	468
223	474
224	240
224	242
224	251
224	265
224	267
224	272
224	275
224	276
224	281
224	283
224	312
224	320
224	328
224	348
224	356
224	367
224	371
224	373
224	406
224	419
224	435
224	440
224	452
224	457
224	465
224	478
224	486
224	491
224	495
224	499
225	232
225	234
225	236
225	242
225	243
225	248
225	253
225	255
225	278
225	285
225	300
225	312
225	314
225	328
225	337
225	347
225	392
225	393
225	402
225	403
225	405
225	414
225	422
225	449
225	457
225	459
225	467
225	477
225	488
225	492
226	231
226	234
226	242
226	257
226	275
226	288
226	294
226	295
226	306
226	310
226	311
226	315
226	316
226	328
226	334
226	344
226	345
226	349
226	361
226	362
226	400
226	413
226	424
226	430
226	432
226	439
226	448
226	462
226	478
226	485
226	491
227	242
227	248
227	259
227	271
227	284
227	298
227	311
227	314
227	319
227	347
227	353
227	380
227	381
227	389
227	416
227	423
227	442
227	447
227	461
227	465
227	484
227	488
227	495
228	231
228	254
228	260
228	261
228	262
228	276
228	279
228	290
228	293
228	303
228	329
228	334
228	342
228	356
228	359
228	374
228	389
228	394
228	399
228	403
228	420
228	431
228	442
228	455
228	456
228	461
228	462
228	465
228	469
228	473
228	475
228	477
228	478
228	483
229	230
229	231
229	241
229	247
229	253
229	271
229	273
229	287
229	299
229	303
229	316
229	317
229	328
229	331
229	345
229	369
229	372
229	373
229	381
229	383
229	391
229	398
229	404
229	411
229	414
229	425
229	435
229	439
229	440
229	445
229	453
229	464
229	466
229	468
229	492
229	495
230	232
230	279
230	280
230	283
230	288
230	310
230	315
230	334
230	358
230	367
230	369
230	376
230	384
230	397
230	407
230	409
230	410
230	416
230	417
230	424
230	427
230	430
230	432
230	436
230	474
230	477
231	242
231	256
231	260
231	264
231	289
231	290
231	299
231	300
231	301
231	307
231	310
231	313
231	314
231	320
231	326
231	331
231	334
231	347
231	359
231	360
231	362
231	368
231	395
231	401
231	411
231	413
231	419
231	438
231	443
231	448
231	455
231	461
231	466
231	472
231	474
231	489
231	499
232	237
232	252
232	258
232	278
232	286
232	305
232	311
232	329
232	341
232	357
232	367
232	383
232	399
232	402
232	411
232	418
232	445
232	451
232	457
232	464
232	471
232	476
232	483
232	486
232	490
233	238
233	249
233	256
233	284
233	294
233	306
233	308
233	384
233	400
233	405
233	409
233	426
233	430
233	435
233	443
233	445
233	448
233	456
233	464
233	477
233	486
233	498
234	236
234	258
234	271
234	276
234	280
234	289
234	291
234	305
234	309
234	313
234	327
234	336
234	342
234	344
234	357
234	378
234	379
234	393
234	404
234	424
234	426
234	430
234	444
234	446
234	452
234	477
234	490
234	491
235	238
235	250
235	254
235	262
235	263
235	265
235	297
235	300
235	307
235	313
235	314
235	323
235	335
235	339
235	359
235	368
235	374
235	375
235	381
235	395
235	397
235	421
235	422
235	431
235	444
235	447
235	456
235	465
235	467
235	468
235	476
235	477
235	495
235	499
236	244
236	246
236	256
236	276
236	326
236	362
236	379
236	381
236	403
236	451
236	462
236	487
237	246
237	261
237	263
237	270
237	271
237	274
237	286
237	290
237	315
237	323
237	334
237	344
237	352
237	366
237	379
237	381
237	382
237	386
237	387
237	400
237	401
237	405
237	406
237	415
237	431
237	433
237	434
237	444
237	461
237	469
237	475
237	476
237	487
238	246
238	249
238	285
238	305
238	313
238	317
238	330
238	331
238	335
238	340
238	346
238	351
238	368
238	374
238	380
238	384
238	402
238	412
238	418
238	421
238	425
238	436
238	443
238	446
238	465
238	469
238	470
238	486
239	244
239	246
239	255
239	258
239	267
239	285
239	288
239	290
239	315
239	321
239	339
239	341
239	342
239	344
239	346
239	350
239	355
239	357
239	363
239	366
239	371
239	384
239	390
239	397
239	401
239	411
239	421
239	422
239	424
239	453
239	475
239	480
239	483
239	486
239	492
239	494
240	242
240	243
240	244
240	249
240	260
240	275
240	312
240	322
240	327
240	350
240	395
240	402
240	406
240	438
240	449
240	457
240	458
240	478
240	480
240	483
240	488
241	258
241	267
241	272
241	280
241	285
241	288
241	293
241	323
241	326
241	347
241	376
241	398
241	407
241	410
241	422
241	429
241	445
241	455
241	458
241	466
242	246
242	247
242	264
242	265
242	269
242	284
242	303
242	306
242	330
242	344
242	346
242	349
242	360
242	370
242	388
242	396
242	398
242	423
242	424
242	441
242	445
242	452
242	458
242	462
242	466
242	470
242	493
242	497
243	269
243	282
243	289
243	295
243	315
243	321
243	345
243	361
243	367
243	381
243	392
243	396
243	405
243	406
243	421
243	422
243	423
243	424
243	446
243	460
243	463
243	464
243	465
243	468
243	482
243	483
243	497
244	251
244	255
244	278
244	322
244	329
244	339
244	340
244	342
244	350
244	377
244	384
244	405
244	415
244	429
244	437
244	438
244	447
244	449
244	454
244	456
244	461
244	472
244	474
244	493
244	495
245	249
245	252
245	261
245	271
245	277
245	279
245	296
245	300
245	301
245	303
245	330
245	336
245	366
245	372
245	376
245	393
245	403
245	407
245	422
245	434
245	445
245	450
245	452
245	460
245	463
245	470
245	473
245	475
245	478
245	479
246	247
246	255
246	280
246	283
246	294
246	295
246	297
246	308
246	316
246	317
246	333
246	337
246	347
246	352
246	358
246	362
246	372
246	373
246	386
246	398
246	409
246	411
246	423
246	427
246	438
246	443
246	460
246	461
246	463
246	477
246	485
247	250
247	291
247	298
247	309
247	310
247	313
247	316
247	320
247	321
247	323
247	329
247	366
247	370
247	396
247	404
247	406
247	423
247	424
247	425
247	427
247	460
247	486
247	498
248	249
248	300
248	306
248	308
248	309
248	322
248	328
248	329
248	339
248	354
248	371
248	374
248	381
248	384
248	391
248	395
248	415
248	419
248	426
248	438
248	445
248	454
248	456
248	465
248	479
248	481
249	321
249	325
249	344
249	351
249	360
249	362
249	367
249	369
249	375
249	389
249	401
249	417
249	418
249	441
249	448
249	462
249	469
249	489
249	492
249	498
250	252
250	260
250	263
250	267
250	284
250	293
250	297
250	322
250	341
250	342
250	382
250	399
250	411
250	420
250	441
250	449
250	459
250	461
250	479
250	480
250	490
250	498
251	263
251	265
251	266
251	306
251	307
251	317
251	322
251	327
251	328
251	337
251	344
251	347
251	356
251	361
251	363
251	375
251	381
251	389
251	418
251	428
251	433
251	437
251	439
251	446
251	459
251	460
251	463
251	465
251	476
252	259
252	260
252	277
252	288
252	289
252	297
252	299
252	311
252	317
252	331
252	338
252	352
252	380
252	386
252	406
252	410
252	411
252	412
252	413
252	419
252	424
252	430
252	445
252	459
252	470
252	476
252	480
252	492
253	259
253	263
253	277
253	285
253	289
253	295
253	296
253	306
253	307
253	309
253	314
253	335
253	360
253	361
253	364
253	366
253	367
253	368
253	372
253	401
253	405
253	406
253	409
253	419
253	429
253	442
253	453
253	457
253	487
253	489
253	491
253	496
254	264
254	273
254	281
254	287
254	293
254	306
254	315
254	367
254	369
254	372
254	406
254	409
254	416
254	417
254	419
254	432
254	444
254	448
254	450
254	455
254	466
254	475
254	493
255	259
255	276
255	288
255	289
255	295
255	305
255	326
255	343
255	373
255	389
255	390
255	394
255	402
255	410
255	411
255	421
255	429
255	441
255	448
255	464
255	485
255	491
256	259
256	278
256	298
256	315
256	339
256	343
256	348
256	350
256	359
256	361
256	386
256	395
256	408
256	410
256	433
256	447
256	450
256	465
256	488
256	489
256	491
256	496
257	259
257	261
257	267
257	275
257	276
257	279
257	290
257	300
257	310
257	322
257	327
257	334
257	339
257	350
257	366
257	372
257	381
257	386
257	392
257	407
257	410
257	420
257	422
257	469
257	477
257	479
257	490
257	499
258	264
258	268
258	275
258	277
258	284
258	295
258	309
258	355
258	359
258	384
258	385
258	394
258	407
258	418
258	419
258	421
258	441
258	448
258	459
258	460
258	463
258	465
258	466
258	494
258	496
258	498
259	265
259	273
259	281
259	293
259	294
259	296
259	302
259	308
259	319
259	335
259	337
259	364
259	385
259	388
259	420
259	427
259	428
259	429
259	445
259	451
260	278
260	291
260	315
260	330
260	362
260	385
260	386
260	390
260	391
260	393
260	395
260	402
260	407
260	414
260	418
260	429
260	430
260	442
260	452
260	468
260	472
260	486
261	268
261	271
261	278
261	300
261	307
261	312
261	314
261	316
261	331
261	337
261	338
261	341
261	382
261	393
261	405
261	408
261	428
261	429
261	435
261	446
261	478
261	492
262	263
262	266
262	269
262	288
262	294
262	304
262	308
262	309
262	314
262	325
262	328
262	335
262	341
262	356
262	367
262	371
262	374
262	388
262	414
262	439
262	445
262	461
262	462
262	464
262	471
262	489
263	297
263	307
263	308
263	322
263	329
263	333
263	348
263	355
263	360
263	364
263	366
263	370
263	371
263	373
263	374
263	389
263	395
263	420
263	428
263	431
263	437
263	452
263	467
263	468
263	472
263	478
263	485
263	488
264	268
264	279
264	310
264	335
264	338
264	344
264	348
264	354
264	359
264	370
264	376
264	377
264	385
264	398
264	414
264	422
264	430
264	458
264	464
264	466
264	484
264	491
265	273
265	274
265	309
265	312
265	318
265	324
265	336
265	356
265	374
265	395
265	411
265	425
265	434
265	437
265	449
265	475
265	482
265	487
265	491
266	268
266	272
266	275
266	277
266	292
266	323
266	335
266	346
266	368
266	388
266	397
266	407
266	415
266	423
266	428
266	433
266	436
266	458
266	460
266	461
266	468
266	477
266	495
266	496
266	498
267	277
267	284
267	298
267	304
267	327
267	333
267	354
267	384
267	394
267	402
267	406
267	411
267	420
267	436
267	457
267	466
267	477
268	281
268	295
268	297
268	307
268	330
268	407
268	408
268	411
268	432
268	433
268	435
268	440
268	444
268	455
268	464
268	465
268	475
268	480
268	487
269	271
269	277
269	283
269	290
269	298
269	303
269	314
269	322
269	326
269	339
269	354
269	374
269	387
269	397
269	405
269	406
269	408
269	409
269	416
269	431
269	440
269	441
269	447
269	457
269	460
269	466
269	475
269	481
269	489
270	284
270	293
270	297
270	311
270	327
270	343
270	351
270	354
270	357
270	378
270	383
270	389
270	390
270	392
270	441
270	444
270	456
270	457
270	463
270	479
270	496
271	274
271	287
271	292
271	295
271	296
271	301
271	305
271	317
271	326
271	331
271	339
271	351
271	353
271	362
271	371
271	377
271	386
271	387
271	427
271	444
271	449
271	456
271	476
271	477
271	484
271	487
271	496
272	286
272	312
272	333
272	339
272	340
272	362
272	366
272	372
272	379
272	387
272	391
272	400
272	412
272	425
272	426
272	431
272	473
272	483
272	495
272	499
273	289
273	291
273	300
273	305
273	338
273	340
273	341
273	347
273	349
273	353
273	357
273	365
273	368
273	370
273	382
273	384
273	407
273	422
273	439
273	445
273	460
273	483
273	498
274	282
274	289
274	294
274	298
274	313
274	328
274	345
274	349
274	375
274	377
274	385
274	393
274	415
274	421
274	460
274	480
274	484
274	489
274	497
275	278
275	295
275	300
275	302
275	315
275	322
275	323
275	329
275	331
275	348
275	349
275	364
275	368
275	371
275	380
275	396
275	413
275	414
275	419
275	420
275	421
275	429
275	430
275	464
275	465
275	471
275	474
275	486
275	495
276	278
276	326
276	330
276	332
276	339
276	343
276	360
276	376
276	392
276	398
276	400
276	406
276	469
276	486
276	494
276	496
277	299
277	304
277	309
277	310
277	322
277	335
277	338
277	340
277	347
277	352
277	360
277	361
277	371
277	374
277	376
277	384
277	387
277	397
277	402
277	405
277	412
277	421
277	425
277	429
277	431
277	434
277	439
277	455
277	475
277	483
277	490
278	280
278	285
278	288
278	299
278	300
278	309
278	331
278	339
278	372
278	402
278	416
278	420
278	477
278	484
278	494
279	282
279	287
279	288
279	301
279	306
279	327
279	349
279	367
279	377
279	406
279	407
279	417
279	425
279	431
279	435
279	441
279	442
279	445
279	449
279	457
279	463
279	469
279	480
280	286
280	351
