0	1
0	14
0	44
0	47
0	86
0	101
0	111
0	156
0	181
0	195
0	210
0	211
0	224
0	232
0	252
0	256
0	257
0	269
0	272
0	283
0	292
0	300
0	307
0	332
0	335
0	352
0	357
0	366
0	371
0	387
0	426
0	431
0	433
0	438
0	439
0	451
0	453
0	467
0	475
0	482
0	496
1	6
1	17
1	25
1	67
1	69
1	90
1	96
1	126
1	139
1	142
1	143
1	145
1	147
1	150
1	176
1	179
1	184
1	213
1	215
1	230
1	237
1	246
1	247
1	251
1	253
1	254
1	274
1	276
1	281
1	296
1	307
1	319
1	320
1	336
1	357
1	364
1	366
1	403
1	414
1	451
1	455
1	473
1	475
1	480
1	497
2	4
2	16
2	17
2	18
2	41
2	57
2	61
2	80
2	86
2	90
2	91
2	103
2	104
2	106
2	109
2	133
2	136
2	173
2	185
2	198
2	203
2	208
2	226
2	235
2	242
2	243
2	264
2	277
2	289
2	335
2	348
2	359
2	363
2	366
2	369
2	372
2	373
2	401
2	404
2	416
2	432
2	442
2	448
2	459
2	462
2	464
2	471
2	475
2	486
2	488
2	495
3	13
3	14
3	37
3	72
3	91
3	92
3	101
3	105
3	111
3	117
3	123
3	138
3	159
3	160
3	183
3	191
3	192
3	218
3	239
3	240
3	243
3	248
3	250
3	261
3	307
3	309
3	310
3	324
3	330
3	348
3	355
3	357
3	358
3	364
3	388
3	418
3	433
3	444
3	449
3	451
3	466
3	467
3	470
3	476
3	480
3	496
4	9
4	10
4	17
4	21
4	22
4	47
4	57
4	67
4	71
4	74
4	75
4	81
4	99
4	113
4	126
4	146
4	154
4	158
4	166
4	181
4	190
4	192
4	198
4	211
4	214
4	222
4	224
4	242
4	254
4	257
4	291
4	297
4	305
4	311
4	315
4	319
4	320
4	328
4	351
4	352
4	356
4	360
4	366
4	379
4	388
4	414
4	415
4	417
4	458
4	474
4	483
4	487
4	494
5	8
5	16
5	24
5	29
5	31
5	32
5	34
5	36
5	42
5	49
5	60
5	98
5	109
5	138
5	145
5	151
5	152
5	161
5	167
5	169
5	180
5	185
5	196
5	208
5	212
5	216
5	219
5	220
5	240
5	276
5	281
5	283
5	288
5	297
5	299
5	306
5	312
5	319
5	323
5	330
5	343
5	346
5	349
5	353
5	360
5	362
5	365
5	368
5	374
5	375
5	400
5	405
5	428
5	429
5	439
5	444
5	461
5	462
5	467
5	471
5	478
5	490
6	11
6	30
6	33
6	80
6	89
6	93
6	120
6	123
6	154
6	161
6	179
6	188
6	191
6	193
6	196
6	224
6	238
6	239
6	242
6	247
6	249
6	259
6	274
6	275
6	320
6	330
6	333
6	340
6	371
6	376
6	384
6	398
6	421
6	423
6	429
6	445
6	449
6	454
7	8
7	14
7	26
7	49
7	52
7	68
7	112
7	133
7	146
7	151
7	166
7	204
7	228
7	229
7	250
7	266
7	282
7	286
7	317
7	328
7	334
7	346
7	350
7	360
7	362
7	366
7	373
7	391
7	398
7	401
7	407
7	408
7	409
7	411
7	424
7	435
7	436
7	458
7	488
7	490
8	26
8	27
8	28
8	51
8	54
8	89
8	93
8	126
8	130
8	138
8	141
8	142
8	147
8	151
8	184
8	198
8	206
8	219
8	248
8	250
8	256
8	277
8	287
8	292
8	308
8	310
8	313
8	336
8	345
8	348
8	355
8	362
8	364
8	385
8	390
8	391
8	406
8	409
8	424
8	426
8	430
8	433
8	449
8	455
8	463
8	464
8	468
8	472
8	484
9	11
9	27
9	31
9	40
9	42
9	47
9	66
9	71
9	102
9	113
9	117
9	122
9	123
9	140
9	143
9	146
9	154
9	164
9	165
9	193
9	196
9	207
9	217
9	223
9	230
9	234
9	243
9	247
9	250
9	260
9	265
9	268
9	308
9	316
9	332
9	334
9	344
9	349
9	359
9	386
9	388
9	405
9	408
9	413
9	430
9	447
9	460
9	462
9	474
9	484
9	486
10	12
10	23
10	49
10	72
10	84
10	100
10	111
10	124
10	125
10	128
10	133
10	142
10	147
10	187
10	199
10	214
10	225
10	230
10	231
10	234
10	243
10	246
10	249
10	254
10	255
10	257
10	272
10	275
10	289
10	297
10	305
10	312
10	318
10	323
10	326
10	332
10	335
10	346
10	353
10	377
10	379
10	383
10	390
10	417
10	432
10	451
10	472
10	475
10	476
10	479
10	485
10	492
10	494
11	13
11	14
11	22
11	27
11	31
11	36
11	51
11	57
11	62
11	63
11	76
11	87
11	90
11	102
11	111
11	112
11	125
11	128
11	148
11	155
11	156
11	194
11	204
11	205
11	208
11	216
11	217
11	222
11	224
11	239
11	240
11	241
11	243
11	246
11	279
11	281
11	287
11	289
11	294
11	300
11	315
11	325
11	336
11	380
11	381
11	385
11	387
11	388
11	396
11	414
11	424
11	426
11	435
11	461
11	464
11	466
11	478
11	485
11	486
11	488
12	18
12	38
12	45
12	47
12	53
12	60
12	78
12	79
12	80
12	83
12	88
12	112
12	115
12	164
12	175
12	182
12	197
12	211
12	214
12	220
12	227
12	237
12	244
12	252
12	262
12	278
12	285
12	286
12	302
12	303
12	306
12	311
12	316
12	320
12	337
12	376
12	389
12	404
12	414
12	417
12	427
12	432
12	434
12	450
12	460
12	462
12	466
12	474
12	497
13	21
13	24
13	40
13	42
13	46
13	53
13	54
13	59
13	68
13	70
13	85
13	91
13	104
13	105
13	116
13	123
13	128
13	167
13	168
13	180
13	190
13	199
13	219
13	221
13	228
13	230
13	237
13	239
13	284
13	288
13	292
13	342
13	344
13	360
13	368
13	384
13	400
13	407
13	411
13	418
13	435
13	437
13	449
13	466
13	498
13	499
14	25
14	54
14	82
14	87
14	91
14	96
14	114
14	130
14	137
14	144
14	148
14	151
14	155
14	158
14	167
14	168
14	179
14	184
14	226
14	236
14	237
14	239
14	242
14	253
14	278
14	285
14	293
14	296
14	301
14	318
14	322
14	326
14	350
14	358
14	360
14	362
14	372
14	380
14	382
14	407
14	422
14	439
14	466
14	472
14	489
14	493
14	495
14	497
15	37
15	50
15	65
15	75
15	88
15	92
15	94
15	95
15	114
15	119
15	123
15	130
15	135
15	136
15	142
15	143
15	154
15	191
15	193
15	197
15	199
15	218
15	221
15	229
15	262
15	279
15	287
15	290
15	297
15	298
15	318
15	342
15	348
15	353
15	376
15	380
15	382
15	409
15	424
15	433
15	442
15	455
15	459
15	462
15	488
15	498
16	20
16	24
16	29
16	36
16	39
16	40
16	55
16	63
16	66
16	76
16	93
16	109
16	120
16	134
16	168
16	179
16	203
16	204
16	238
16	251
16	253
16	307
16	330
16	360
16	363
16	364
16	369
16	384
16	394
16	398
16	406
16	410
16	415
16	417
16	421
16	422
16	448
16	471
16	473
16	488
16	494
17	19
17	24
17	41
17	44
17	45
17	65
17	67
17	77
17	82
17	107
17	116
17	119
17	125
17	129
17	146
17	159
17	166
17	167
17	171
17	182
17	195
17	236
17	237
17	253
17	254
17	257
17	258
17	276
17	285
17	289
17	294
17	296
17	303
17	318
17	334
17	335
17	341
17	344
17	351
17	365
17	384
17	388
17	390
17	400
17	419
17	427
17	429
17	431
17	439
17	449
17	457
17	459
17	466
17	474
17	483
17	489
17	493
17	497
18	25
18	31
18	43
18	44
18	47
18	59
18	60
18	66
18	68
18	72
18	73
18	95
18	98
18	113
18	126
18	131
18	133
18	136
18	170
18	196
18	199
18	204
18	220
18	229
18	237
18	252
18	266
18	289
18	305
18	313
18	314
18	332
18	337
18	341
18	342
18	358
18	363
18	378
18	390
18	410
18	416
18	435
18	441
18	446
18	473
18	480
18	487
18	488
18	494
18	495
18	497
19	25
19	48
19	56
19	58
19	60
19	62
19	69
19	76
19	104
19	105
19	115
19	121
19	125
19	126
19	128
19	143
19	147
19	152
19	167
19	177
19	184
19	202
19	222
19	226
19	228
19	229
19	249
19	256
19	257
19	294
19	296
19	298
19	304
19	308
19	311
19	322
19	333
19	344
19	357
19	362
19	369
19	372
19	381
19	384
19	394
19	395
19	400
19	412
19	417
19	422
19	423
19	425
19	428
19	440
19	473
19	491
19	497
20	21
20	29
20	33
20	37
20	46
20	50
20	71
20	80
20	89
20	110
20	117
20	119
20	153
20	157
20	196
20	242
20	245
20	260
20	266
20	272
20	281
20	293
20	321
20	322
20	324
20	337
20	339
20	344
20	348
20	350
20	356
20	373
20	378
20	385
20	408
20	411
20	440
20	447
20	459
20	484
21	28
21	32
21	39
21	65
21	66
21	72
21	87
21	97
21	102
21	131
21	135
21	140
21	155
21	172
21	173
21	188
21	189
21	192
21	195
21	208
21	218
21	250
21	256
21	262
21	269
21	275
21	276
21	278
21	285
21	304
21	310
21	336
21	340
21	373
21	378
21	379
21	380
21	381
21	390
21	403
21	406
21	407
21	438
21	440
21	442
21	446
21	455
21	459
21	462
21	471
21	487
21	490
21	495
21	499
22	24
22	37
22	71
22	76
22	101
22	110
22	115
22	130
22	138
22	176
22	177
22	185
22	193
22	195
22	208
22	212
22	230
22	238
22	284
22	291
22	293
22	311
22	315
22	319
22	331
22	347
22	376
22	377
22	390
22	428
22	459
22	472
22	480
22	490
22	498
23	32
23	48
23	65
23	100
23	105
23	111
23	124
23	129
23	136
23	140
23	148
23	177
23	192
23	193
23	195
23	216
23	225
23	228
23	239
23	244
23	245
23	246
23	265
23	274
23	313
23	322
23	337
23	340
23	347
23	359
23	381
23	388
23	409
23	415
23	432
23	435
23	436
23	470
23	481
23	487
23	488
24	33
24	34
24	36
24	37
24	47
24	73
24	84
24	163
24	166
24	177
24	188
24	189
24	197
24	201
24	204
24	208
24	238
24	242
24	247
24	249
24	258
24	276
24	310
24	326
24	328
24	329
24	331
24	343
24	356
24	359
24	361
24	366
24	378
24	389
24	397
24	400
24	442
24	462
24	474
25	42
25	50
25	54
25	66
25	75
25	82
25	104
25	114
25	124
25	139
25	142
25	147
25	164
25	178
25	203
25	208
25	215
25	220
25	221
25	243
25	264
25	267
25	268
25	279
25	282
25	284
25	286
25	292
25	297
25	300
25	304
25	306
25	320
25	344
25	349
25	376
25	384
25	410
25	431
25	456
25	463
25	467
25	489
25	498
26	27
26	39
26	41
26	69
26	73
26	85
26	91
26	92
26	104
26	109
26	114
26	132
26	135
26	140
26	158
26	160
26	189
26	194
26	197
26	203
26	228
26	232
26	241
26	257
26	267
26	268
26	278
26	282
26	335
26	348
26	352
26	388
26	396
26	404
26	405
26	413
26	424
26	430
26	439
26	454
26	470
26	483
26	486
27	76
27	91
27	94
27	106
27	119
27	131
27	151
27	161
27	162
27	186
27	199
27	207
27	211
27	220
27	240
27	242
27	248
27	271
27	272
27	283
27	298
27	300
27	330
27	335
27	343
27	349
27	350
27	356
27	374
27	409
27	410
27	422
27	426
27	427
27	428
27	433
27	434
27	446
27	473
27	475
27	478
27	487
28	66
28	79
28	84
28	88
28	101
28	105
28	107
28	108
28	111
28	124
28	132
28	133
28	140
28	141
28	148
28	153
28	166
28	167
28	168
28	175
28	186
28	203
28	215
28	218
28	224
28	231
28	243
28	284
28	287
28	297
28	305
28	306
28	312
28	318
28	323
28	333
28	338
28	359
28	363
28	364
28	369
28	384
28	386
28	398
28	408
28	414
28	445
28	466
28	468
28	474
28	480
28	485
28	497
29	36
29	45
29	46
29	61
29	82
29	99
29	102
29	121
29	134
29	137
29	141
29	145
29	154
29	161
29	168
29	174
29	176
29	184
29	190
29	227
29	246
29	249
29	283
29	290
29	311
29	315
29	318
29	325
29	326
29	333
29	335
29	353
29	364
29	379
29	381
29	395
29	434
29	437
29	448
29	477
29	479
29	480
29	484
29	494
29	497
30	46
30	49
30	50
30	64
30	91
30	98
30	129
30	130
30	139
30	148
30	163
30	165
30	169
30	180
30	189
30	191
30	193
30	194
30	195
30	200
30	219
30	228
30	231
30	246
30	282
30	317
30	318
30	320
30	323
30	340
30	362
30	365
30	369
30	372
30	374
30	382
30	386
30	387
30	388
30	393
30	399
30	408
30	410
30	411
30	416
30	419
30	420
30	423
30	433
30	442
30	459
30	473
30	480
30	482
30	489
31	64
31	65
31	67
31	75
31	77
31	95
31	99
31	104
31	107
31	113
31	119
31	134
31	153
31	160
31	177
31	200
31	210
31	258
31	274
31	286
31	308
31	315
31	350
31	363
31	366
31	382
31	391
31	393
31	398
31	410
31	414
31	415
31	423
31	445
31	460
31	469
31	471
32	44
32	68
32	70
32	74
32	81
32	86
32	91
32	97
32	99
32	132
32	142
32	152
32	156
32	165
32	166
32	172
32	179
32	200
32	210
32	215
32	232
32	242
32	249
32	262
32	274
32	283
32	300
32	301
32	315
32	325
32	339
32	357
32	368
32	375
32	390
32	395
32	397
32	410
32	415
32	418
32	432
32	434
32	450
32	453
32	461
32	462
32	477
32	495
33	47
33	53
33	58
33	63
33	90
33	93
33	96
33	102
33	105
33	118
33	127
33	150
33	156
33	157
33	161
33	164
33	180
33	206
33	207
33	227
33	230
33	238
33	266
33	269
33	286
33	299
33	311
33	315
33	323
33	344
33	347
33	371
33	378
33	381
33	412
33	417
33	418
33	421
33	425
33	458
33	466
33	471
33	480
33	487
33	490
33	491
33	497
34	43
34	60
34	68
34	75
34	78
34	96
34	104
34	120
34	125
34	133
34	139
34	141
34	146
34	152
34	173
34	174
34	182
34	227
34	240
34	266
34	279
34	294
34	297
34	303
34	305
34	320
34	329
34	330
34	343
34	345
34	351
34	353
34	355
34	358
34	363
34	371
34	376
34	385
34	389
34	409
34	413
34	417
34	436
34	448
34	453
34	465
34	470
34	479
34	482
35	36
35	37
35	39
35	48
35	66
35	85
35	91
35	95
35	106
35	116
35	120
35	137
35	138
35	152
35	153
35	157
35	167
35	175
35	189
35	191
35	196
35	208
35	216
35	217
35	220
35	225
35	243
35	258
35	270
35	311
35	325
35	342
35	350
35	369
35	381
35	402
35	410
35	429
35	440
35	441
35	449
35	457
35	462
35	466
35	473
35	477
35	485
35	494
36	37
36	54
36	59
36	80
36	85
36	110
36	114
36	118
36	141
36	149
36	158
36	163
36	164
36	169
36	173
36	199
36	208
36	211
36	235
36	246
36	253
36	255
36	263
36	269
36	295
36	309
36	325
36	330
36	331
36	336
36	351
36	355
36	359
36	361
36	367
36	371
36	390
36	411
36	418
36	422
36	423
36	428
36	435
36	441
36	444
36	448
36	449
36	456
36	461
36	462
36	472
36	497
37	38
37	43
37	47
37	62
37	63
37	80
37	82
37	93
37	95
37	102
37	113
37	123
37	127
37	133
37	144
37	154
37	161
37	176
37	209
37	216
37	234
37	245
37	247
37	258
37	273
37	277
37	292
37	306
37	310
37	317
37	321
37	336
37	337
37	344
37	357
37	364
37	390
37	395
37	416
37	434
37	462
37	488
37	497
37	498
38	40
38	41
38	44
38	48
38	50
38	55
38	70
38	74
38	78
38	79
38	87
38	92
38	93
38	96
38	99
38	105
38	107
38	116
38	133
38	165
38	169
38	174
38	176
38	183
38	187
38	209
38	211
38	222
38	229
38	231
38	244
38	253
38	262
38	270
38	295
38	299
38	304
38	317
38	321
38	322
38	339
38	348
38	350
38	352
38	356
38	360
38	369
38	382
38	388
38	392
38	404
38	407
38	432
38	444
38	456
38	478
38	484
39	41
39	49
39	67
39	87
39	98
39	107
39	118
39	124
39	125
39	135
39	152
39	155
39	159
39	162
39	164
39	167
39	190
39	193
39	205
39	218
39	243
39	247
39	250
39	266
39	273
39	281
39	335
39	373
39	387
39	392
39	393
39	402
39	404
39	413
39	426
39	450
39	466
39	484
39	486
39	498
40	47
40	55
40	61
40	71
40	80
40	87
40	94
40	96
40	101
40	105
40	138
40	139
40	147
40	148
40	157
40	162
40	167
40	191
40	241
40	271
40	281
40	286
40	288
40	301
40	309
40	314
40	315
40	321
40	342
40	351
40	368
40	370
40	373
40	375
40	387
40	397
40	412
40	417
40	421
40	434
40	441
40	457
40	458
40	459
40	466
40	478
40	480
40	491
41	60
41	61
41	73
41	75
41	88
41	96
41	98
41	100
41	119
41	123
41	125
41	138
41	149
41	172
41	175
41	180
41	191
41	192
41	210
41	212
41	235
41	236
41	240
41	250
41	271
41	272
41	282
41	286
41	299
41	307
41	317
41	321
41	364
41	374
41	405
41	408
41	410
41	421
41	423
41	425
41	428
41	433
41	440
41	445
41	447
41	451
41	461
41	484
41	490
41	499
42	66
42	71
42	91
42	102
42	104
42	105
42	113
42	115
42	120
42	135
42	147
42	148
42	163
42	166
42	173
42	178
42	196
42	218
42	224
42	232
42	236
42	237
42	248
42	278
42	299
42	317
42	326
42	377
42	383
42	408
42	441
42	472
42	486
42	489
43	68
43	71
43	75
43	82
43	90
43	101
43	106
43	117
43	122
43	123
43	147
43	149
43	153
43	168
43	185
43	196
43	205
43	212
43	216
43	222
43	224
43	229
43	239
43	242
43	271
43	280
43	320
43	321
43	332
43	349
43	358
43	360
43	373
43	375
43	393
43	395
43	401
43	406
43	407
43	431
43	453
43	497
44	53
44	57
44	61
44	80
44	85
44	95
44	108
44	109
44	111
44	112
44	125
44	139
44	143
44	145
44	158
44	163
44	175
44	181
44	198
44	206
44	210
44	225
44	240
44	249
44	272
44	293
44	300
44	302
44	308
44	319
44	337
44	342
44	343
44	369
44	374
44	377
44	379
44	395
44	396
44	412
44	435
44	438
44	447
44	452
44	460
44	467
44	476
44	491
44	498
45	58
45	60
45	69
45	70
45	97
45	100
45	110
45	117
45	135
45	142
45	169
45	191
45	198
45	248
45	250
45	252
45	264
45	277
45	291
45	309
45	321
45	329
45	333
45	358
45	360
45	367
45	387
45	396
45	405
45	432
45	435
45	449
45	477
45	499
46	52
46	53
46	59
46	81
46	99
46	105
46	112
46	118
46	136
46	149
46	162
46	169
46	176
46	190
46	194
46	195
46	197
46	198
46	215
46	217
46	226
46	240
46	253
46	329
46	338
46	351
46	382
46	383
46	384
46	392
46	393
46	394
46	395
46	399
46	401
46	405
46	406
46	427
46	443
46	474
46	499
47	48
47	53
47	56
47	65
47	74
47	80
47	84
47	127
47	129
47	139
47	167
47	186
47	191
47	204
47	217
47	219
47	225
47	228
47	240
47	248
47	249
47	264
47	275
47	281
47	287
47	288
47	314
47	328
47	333
47	348
47	370
47	381
47	382
47	418
47	427
47	448
47	451
47	457
47	463
47	468
47	490
47	492
47	496
48	50
48	51
48	72
48	95
48	112
48	129
48	131
48	145
48	169
48	208
48	217
48	218
48	235
48	243
48	260
48	264
48	265
48	284
48	310
48	313
48	328
48	333
48	336
48	338
48	340
48	342
48	368
48	372
48	392
48	393
48	395
48	416
48	423
48	427
48	428
48	432
48	439
48	450
48	451
48	459
48	476
48	499
49	56
49	67
49	72
49	86
49	97
49	103
49	104
49	120
49	124
49	132
49	135
49	139
49	141
49	176
49	189
49	213
49	254
49	257
49	262
49	264
49	266
49	279
49	308
49	316
49	324
49	349
49	360
49	379
49	397
49	401
49	443
49	449
49	451
49	462
49	470
49	487
50	55
50	70
50	71
50	80
50	83
50	85
50	91
50	103
50	116
50	121
50	124
50	134
50	136
50	156
50	166
50	178
50	184
50	194
50	244
50	248
50	254
50	262
50	273
50	277
50	303
50	305
50	309
50	327
50	332
50	341
50	353
50	389
50	393
50	399
50	409
50	440
50	457
50	461
50	466
50	475
50	476
50	480
50	491
50	494
51	72
51	75
51	89
51	92
51	104
51	106
51	113
51	116
51	127
51	137
51	139
51	145
51	166
51	199
51	202
51	253
51	263
51	284
51	292
51	297
51	311
51	317
51	318
51	321
51	335
51	340
51	353
51	356
51	362
51	370
51	380
51	389
51	407
51	445
51	451
51	464
51	477
51	493
52	57
52	65
52	92
52	93
52	100
52	105
52	117
52	133
52	143
52	147
52	148
52	154
52	159
52	161
52	165
52	174
52	196
52	199
52	210
52	221
52	235
52	246
52	261
52	267
52	273
52	289
52	308
52	335
52	355
52	364
52	367
52	376
52	400
52	410
52	422
52	435
52	436
52	439
52	457
52	462
52	469
53	115
53	138
53	169
53	206
53	211
53	233
53	242
53	268
53	279
53	296
53	307
53	309
