115	403
115	416
115	422
115	436
115	453
115	468
115	469
115	472
115	475
116	129
116	134
116	146
116	158
116	174
116	180
116	186
116	196
116	209
116	212
116	256
116	274
116	277
116	282
116	284
116	289
116	305
116	306
116	318
116	331
116	334
116	338
116	340
116	343
116	365
116	382
116	384
116	395
116	403
116	410
116	413
116	416
116	428
116	442
116	444
116	445
116	456
116	461
116	473
116	478
116	484
117	122
117	123
117	129
117	153
117	162
117	169
117	183
117	187
117	203
117	236
117	246
117	253
117	260
117	267
117	277
117	291
117	292
117	295
117	304
117	306
117	313
117	320
117	326
117	335
117	349
117	351
117	369
117	371
117	384
117	388
117	398
117	400
117	423
117	430
117	445
117	448
117	466
117	497
118	121
118	122
118	137
118	146
118	181
118	189
118	192
118	227
118	235
118	237
118	245
118	248
118	252
118	255
118	263
118	289
118	301
118	316
118	323
118	325
118	387
118	399
118	400
118	412
118	414
118	425
118	455
118	482
118	491
119	137
119	139
119	142
119	147
119	154
119	164
119	221
119	236
119	252
119	257
119	258
119	263
119	295
119	296
119	315
119	328
119	360
119	371
119	374
119	398
119	425
119	429
119	439
119	443
119	479
119	484
119	497
120	125
120	132
120	138
120	141
120	145
120	155
120	156
120	157
120	168
120	176
120	200
120	204
120	209
120	213
120	225
120	228
120	231
120	253
120	265
120	270
120	277
120	285
120	291
120	296
120	299
120	300
120	306
120	307
120	313
120	354
120	355
120	365
120	373
120	389
120	391
120	413
120	417
120	418
120	434
120	457
120	467
120	478
120	485
120	497
120	498
120	499
121	129
121	132
121	134
121	144
121	157
121	161
121	167
121	169
121	172
121	178
121	191
121	193
121	194
121	203
121	224
121	228
121	235
121	254
121	267
121	278
121	310
121	323
121	343
121	360
121	386
121	399
121	400
121	415
121	424
121	467
121	471
121	478
121	479
121	484
121	486
122	133
122	136
122	165
122	173
122	175
122	196
122	215
122	231
122	248
122	267
122	277
122	283
122	300
122	321
122	322
122	325
122	332
122	338
122	372
122	373
122	381
122	386
122	393
122	401
122	404
122	409
122	415
122	424
122	428
122	446
122	489
122	494
123	127
123	130
123	146
123	149
123	174
123	233
123	234
123	251
123	269
123	289
123	290
123	294
123	295
123	307
123	323
123	334
123	343
123	350
123	358
123	366
123	368
123	380
123	385
123	389
123	390
123	395
123	419
123	421
123	439
123	443
123	444
123	447
123	455
123	477
124	126
124	129
124	134
124	135
124	136
124	145
124	147
124	153
124	163
124	164
124	167
124	187
124	202
124	233
124	246
124	257
124	264
124	270
124	271
124	288
124	305
124	317
124	329
124	333
124	343
124	351
124	356
124	357
124	359
124	364
124	369
124	371
124	372
124	402
124	423
124	431
124	441
124	466
124	475
124	481
124	483
124	486
124	492
125	130
125	134
125	159
125	165
125	172
125	205
125	206
125	208
125	209
125	220
125	232
125	247
125	251
125	258
125	278
125	279
125	313
125	315
125	346
125	361
125	364
125	367
125	369
125	375
125	380
125	386
125	398
125	407
125	413
125	427
125	431
125	436
125	438
125	440
125	456
125	459
125	463
125	475
125	486
125	490
126	141
126	153
126	183
126	193
126	197
126	218
126	227
126	236
126	242
126	258
126	274
126	295
126	296
126	322
126	330
126	342
126	343
126	366
126	379
126	384
126	386
126	392
126	398
126	405
126	423
126	425
126	428
126	430
126	445
126	447
126	449
126	463
126	479
126	483
127	133
127	139
127	158
127	168
127	170
127	174
127	183
127	184
127	185
127	191
127	195
127	211
127	223
127	231
127	254
127	257
127	259
127	272
127	274
127	280
127	287
127	313
127	316
127	322
127	323
127	333
127	346
127	351
127	356
127	381
127	395
127	400
127	405
127	435
127	442
127	445
127	451
127	453
127	461
127	467
127	468
127	479
127	484
127	489
127	492
128	140
128	145
128	160
128	172
128	181
128	193
128	196
128	200
128	205
128	214
128	240
128	258
128	266
128	271
128	309
128	331
128	337
128	342
128	346
128	347
128	396
128	408
128	436
128	441
128	443
128	455
128	464
128	475
128	498
129	134
129	148
129	150
129	151
129	154
129	161
129	177
129	182
129	183
129	186
129	195
129	207
129	210
129	211
129	221
129	224
129	236
129	237
129	257
129	269
129	277
129	284
129	288
129	290
129	291
129	294
129	316
129	317
129	323
129	324
129	335
129	341
129	343
129	364
129	374
129	377
129	385
129	393
129	394
129	400
129	414
129	418
129	428
129	437
129	462
129	480
129	484
129	486
129	497
130	167
130	174
130	181
130	184
130	188
130	189
130	192
130	193
130	210
130	220
130	242
130	251
130	252
130	264
130	270
130	285
130	307
130	309
130	325
130	327
130	334
130	351
130	363
130	373
130	374
130	377
130	379
130	387
130	392
130	407
130	426
130	445
130	447
130	457
130	467
130	471
130	476
130	495
131	142
131	152
131	154
131	173
131	178
131	184
131	185
131	203
131	206
131	224
131	229
131	247
131	254
131	261
131	277
131	280
131	294
131	302
131	303
131	307
131	316
131	317
131	321
131	327
131	342
131	344
131	362
131	381
131	386
131	395
131	399
131	406
131	409
131	424
131	430
131	433
131	435
131	438
131	446
131	447
131	460
131	473
131	480
131	489
131	491
131	493
132	150
132	160
132	163
132	189
132	191
132	199
132	204
132	215
132	224
132	230
132	231
132	235
132	273
132	279
132	286
132	295
132	296
132	311
132	324
132	348
132	359
132	364
132	365
132	369
132	400
132	404
132	452
132	459
132	468
132	496
133	135
133	138
133	140
133	144
133	149
133	156
133	165
133	167
133	174
133	179
133	181
133	194
133	195
133	197
133	208
133	210
133	216
133	219
133	220
133	230
133	232
133	233
133	235
133	244
133	245
133	255
133	267
133	273
133	274
133	318
133	326
133	338
133	368
133	375
133	403
133	420
133	427
133	476
133	489
134	137
134	138
134	148
134	151
134	176
134	184
134	194
134	196
134	199
134	200
134	228
134	229
134	238
134	242
134	246
134	251
134	256
134	271
134	272
134	280
134	294
134	310
134	313
134	324
134	326
134	330
134	334
134	355
134	362
134	371
134	382
134	383
134	388
134	398
134	410
134	431
134	432
134	445
134	450
134	454
134	461
134	465
134	473
134	479
134	483
134	485
134	498
135	144
135	148
135	169
135	172
135	182
135	200
135	204
135	224
135	230
135	234
135	237
135	264
135	266
135	267
135	284
135	292
135	303
135	314
135	322
135	324
135	347
135	353
135	359
135	364
135	393
135	400
135	407
135	409
135	415
135	427
135	428
135	429
135	432
135	436
135	439
135	441
135	444
135	445
135	462
135	467
135	485
135	486
135	487
135	488
135	490
136	155
136	188
136	190
136	215
136	225
136	228
136	230
136	248
136	251
136	266
136	267
136	280
136	285
136	288
136	379
136	395
136	396
136	399
136	412
136	416
136	427
136	434
136	449
136	454
136	457
136	459
136	464
136	481
136	489
136	491
136	495
137	142
137	145
137	149
137	152
137	153
137	157
137	159
137	160
137	165
137	173
137	178
137	192
137	193
137	214
137	227
137	230
137	241
137	242
137	259
137	267
137	274
137	278
137	284
137	286
137	288
137	291
137	299
137	303
137	308
137	334
137	361
137	366
137	400
137	404
137	406
137	413
137	419
137	421
137	423
137	427
137	429
137	431
137	449
137	450
137	471
137	476
138	147
138	161
138	166
138	183
138	190
138	191
138	205
138	211
138	221
138	243
138	260
138	263
138	275
138	280
138	286
138	299
138	310
138	325
138	348
138	359
138	368
138	373
138	384
138	394
138	409
138	448
138	467
138	472
138	481
139	143
139	144
139	150
139	193
139	194
139	198
139	206
139	220
139	229
139	249
139	252
139	259
139	261
139	273
139	274
139	278
139	279
139	286
139	291
139	292
139	301
139	309
139	319
139	322
139	325
139	331
139	339
139	341
139	346
139	354
139	368
139	373
139	377
139	382
139	392
139	394
139	409
139	418
139	426
139	427
139	446
139	457
139	459
139	473
139	487
139	491
140	148
140	165
140	166
140	181
140	188
140	213
140	214
140	223
140	253
140	263
140	264
140	269
140	271
140	276
140	279
140	284
140	287
140	289
140	292
140	300
140	305
140	307
140	363
140	371
140	374
140	379
140	384
140	396
140	398
140	405
140	417
140	421
140	444
140	449
140	451
140	462
141	155
141	169
141	173
141	177
141	178
141	205
141	212
141	225
141	232
141	238
141	242
141	264
141	270
141	294
141	306
141	307
141	313
141	321
141	330
141	331
141	341
141	356
141	362
141	376
141	380
141	385
141	405
141	427
141	428
141	431
141	442
141	451
141	482
141	487
141	489
141	496
142	143
142	154
142	158
142	159
142	169
142	171
142	196
142	216
142	225
142	226
142	257
142	275
142	280
142	288
142	311
142	314
142	321
142	338
142	341
142	342
142	345
142	346
142	350
142	369
142	373
142	374
142	388
142	393
142	401
142	402
142	403
142	410
142	432
142	445
142	461
142	465
142	480
143	145
143	150
143	153
143	162
143	171
143	176
143	181
143	186
143	190
143	192
143	194
143	211
143	234
143	238
143	267
143	285
143	291
143	329
143	332
143	350
143	353
143	365
143	374
143	383
143	403
143	443
143	452
143	458
143	467
143	468
143	493
143	495
144	160
144	177
144	183
144	198
144	201
144	208
144	219
144	228
144	235
144	247
144	248
144	252
144	267
144	272
144	278
144	286
144	291
144	308
144	310
144	336
144	343
144	344
144	355
144	362
144	367
144	378
144	388
144	405
144	428
144	430
144	437
144	444
144	463
144	474
144	482
144	492
145	152
145	157
145	167
145	171
145	221
145	222
145	234
145	256
145	261
145	272
145	297
145	322
145	324
145	334
145	345
145	363
145	366
145	367
145	369
145	392
145	398
145	429
145	447
145	459
145	463
145	485
145	497
145	498
145	499
146	147
146	179
146	185
146	186
146	199
146	202
146	210
146	219
146	224
146	234
146	239
146	240
146	241
146	243
146	250
146	280
146	282
146	283
146	299
146	350
146	379
146	401
146	408
146	410
146	425
146	432
146	443
146	444
146	480
147	157
147	163
147	167
147	183
147	190
147	204
147	206
147	222
147	227
147	231
147	240
147	246
147	261
147	262
147	270
147	271
147	282
147	292
147	313
147	316
147	317
147	335
147	339
147	340
147	360
147	381
147	387
147	393
147	409
147	425
147	430
147	436
147	445
147	451
147	454
147	470
147	486
147	495
148	150
148	153
148	157
148	158
148	166
148	167
148	173
148	178
148	179
148	181
148	199
148	205
148	214
148	222
148	237
148	256
148	269
148	274
148	296
148	300
148	304
148	309
148	317
148	338
148	361
148	372
148	391
148	394
148	399
148	454
148	462
148	479
148	497
149	175
149	191
149	198
149	204
149	235
149	236
149	247
149	274
149	288
149	294
149	311
149	339
149	343
149	353
149	374
149	384
149	415
149	419
149	420
149	424
149	427
149	432
149	450
149	454
149	455
149	468
149	478
150	158
150	160
150	174
150	176
150	177
150	186
150	206
150	216
150	240
150	254
150	260
150	275
150	287
150	295
150	308
150	316
150	320
150	324
150	329
150	333
150	342
150	343
150	352
150	359
150	362
150	384
150	401
150	403
150	406
150	414
150	436
150	437
150	456
150	457
150	464
150	471
150	475
150	484
151	169
151	171
151	173
151	176
151	189
151	220
151	235
151	249
151	259
151	310
151	311
151	312
151	317
151	330
151	341
151	346
151	351
151	355
151	356
151	393
151	408
151	413
151	414
151	417
151	425
151	438
151	446
151	460
151	464
151	465
151	480
151	482
151	494
151	496
152	163
152	167
152	170
152	181
152	194
152	198
152	213
152	222
152	234
152	240
152	253
152	280
152	319
152	321
152	327
152	330
152	348
152	359
152	366
152	376
152	383
152	392
152	406
152	410
152	420
152	427
152	429
152	436
152	440
152	447
152	454
152	466
152	472
152	475
152	483
152	495
153	167
153	168
153	174
153	190
153	207
153	210
153	218
153	231
153	234
153	237
153	239
153	243
153	249
153	250
153	254
153	262
153	273
153	292
153	293
153	305
153	309
153	311
153	313
153	314
153	324
153	338
153	339
153	348
153	361
153	365
153	367
153	373
153	374
153	420
153	450
153	457
153	472
153	474
153	477
153	480
153	484
153	498
154	155
154	174
154	176
154	179
154	195
154	201
154	213
154	221
154	231
154	261
154	302
154	304
154	310
154	311
154	336
154	357
154	368
154	378
154	405
154	411
154	421
154	435
154	441
154	467
154	471
154	494
155	178
155	179
155	180
155	186
155	187
155	191
155	212
155	229
155	231
155	234
155	243
155	253
155	254
155	255
155	261
155	269
155	272
155	275
155	308
155	323
155	335
155	338
155	386
155	391
155	393
155	418
155	458
155	461
155	474
155	476
155	482
155	491
156	171
156	207
156	226
156	239
156	244
156	267
156	293
156	306
156	315
156	321
156	323
156	325
156	354
156	355
156	377
156	381
156	382
156	402
156	418
156	434
156	450
156	459
156	462
156	463
156	467
156	470
156	472
156	487
156	490
156	495
156	497
157	161
157	166
157	181
157	189
157	217
157	219
157	224
157	236
157	239
157	242
157	249
157	261
157	263
157	279
157	290
157	291
157	299
157	305
157	308
157	312
157	313
157	318
157	355
157	365
157	376
157	383
157	392
157	395
157	409
157	415
157	420
157	444
157	447
157	462
157	463
157	465
157	466
157	480
157	488
157	497
157	498
158	161
158	184
158	239
158	260
158	263
158	271
158	280
158	286
158	294
158	298
158	305
158	306
158	314
158	319
158	350
158	357
158	358
158	438
158	441
158	442
158	445
158	452
158	454
158	474
159	160
159	202
159	209
159	221
159	222
159	225
159	244
159	257
159	261
159	279
159	281
159	305
159	309
159	310
159	318
159	331
159	334
159	418
159	433
159	445
159	487
160	166
160	196
160	199
160	214
160	233
160	237
160	239
160	270
160	277
160	296
160	298
160	309
160	314
160	324
160	355
160	359
160	363
160	373
160	382
160	393
160	399
160	400
160	409
160	419
160	428
160	454
160	458
160	465
161	181
161	190
161	198
161	199
161	204
161	211
161	222
161	231
161	236
161	238
161	247
161	248
161	249
161	258
161	284
161	322
161	333
161	335
161	337
161	340
161	342
161	346
161	353
161	357
161	368
161	379
161	385
161	388
161	389
161	391
161	413
161	416
161	418
161	427
161	455
161	462
161	494
162	165
162	167
162	175
162	200
162	201
162	206
162	220
162	221
162	246
162	254
162	261
162	263
162	265
162	286
162	290
162	304
162	312
162	327
162	332
162	336
162	345
162	353
162	360
162	371
162	378
162	384
162	406
162	411
162	417
162	482
162	499
163	170
163	171
163	178
163	196
163	205
163	208
163	222
163	226
163	251
163	259
163	260
163	261
163	262
163	263
163	283
163	293
163	294
163	296
163	308
163	311
163	331
163	334
163	336
163	356
163	367
163	371
163	378
163	385
163	387
163	395
163	396
163	424
163	425
163	455
163	468
163	486
163	497
163	498
163	499
164	165
164	168
164	189
164	212
164	235
164	242
164	257
164	284
164	285
164	294
164	297
164	313
164	314
164	330
164	339
164	364
164	388
164	396
164	407
164	413
164	447
164	448
164	451
164	455
164	463
164	464
164	465
164	466
164	467
164	484
164	486
164	489
164	494
164	495
164	499
165	176
165	190
165	196
165	212
165	214
165	228
165	237
165	247
165	266
165	267
165	271
165	275
165	292
165	299
165	301
165	307
165	316
165	343
165	349
165	370
165	376
165	383
165	390
165	396
165	412
165	414
165	418
165	448
165	457
165	477
165	478
165	481
165	488
165	491
166	169
166	197
166	206
166	213
166	218
166	227
166	246
166	251
166	255
166	259
166	260
166	266
166	275
166	277
166	281
166	282
166	312
166	387
166	396
166	397
166	400
166	402
166	411
166	416
166	421
166	435
166	445
166	452
166	453
166	455
166	469
166	482
166	495
167	180
167	189
167	200
167	214
167	226
167	238
167	255
167	259
167	261
167	278
167	297
167	309
167	311
167	313
167	317
167	326
167	345
167	347
167	354
167	359
167	368
167	375
167	379
167	393
167	402
167	406
167	417
167	427
167	428
167	441
167	446
167	453
167	464
167	466
167	490
168	184
168	219
168	220
168	225
168	244
168	263
168	299
168	309
168	316
168	347
168	351
168	359
168	362
168	363
168	370
168	371
168	377
168	383
168	387
168	393
168	401
168	428
168	445
168	446
168	452
168	464
168	465
168	485
168	486
169	175
169	181
169	183
169	194
169	196
169	200
169	211
169	217
169	235
169	243
169	246
169	253
169	254
169	268
169	274
169	291
169	308
169	318
169	321
169	324
169	354
169	375
169	400
169	407
169	434
169	437
169	442
169	457
169	459
169	463
169	473
169	480
169	485
169	493
170	213
170	221
170	222
170	225
170	228
170	246
170	279
170	280
170	292
170	294
170	300
170	303
170	313
170	332
170	334
170	343
170	349
170	392
170	398
170	406
170	417
170	420
170	426
170	428
170	432
170	437
170	442
170	464
170	471
170	495
171	177
171	193
171	195
171	202
171	208
171	212
171	217
171	221
171	227
171	230
171	236
171	238
171	262
171	273
171	286
171	293
171	310
171	320
171	329
171	358
171	359
171	365
171	368
171	370
171	375
171	378
171	417
171	424
171	429
171	435
171	450
171	462
171	465
171	466
171	474
171	477
171	497
172	195
172	209
172	246
172	248
172	269
172	272
172	289
172	296
172	299
172	307
172	322
172	338
172	345
172	359
172	386
172	407
172	419
172	424
172	425
172	439
172	443
172	447
172	450
172	451
172	452
172	458
172	462
172	469
172	470
172	471
172	485
172	486
172	487
172	492
172	498
173	187
173	194
173	195
173	211
173	230
173	240
173	242
173	247
173	249
173	257
173	279
173	288
173	291
173	305
173	321
173	326
173	347
173	388
173	394
173	396
173	454
173	468
173	471
173	478
173	481
173	483
173	490
173	491
174	184
174	202
174	212
174	219
174	224
174	239
174	247
174	266
174	274
174	276
174	296
174	309
174	321
174	322
174	332
174	333
174	334
174	339
174	396
174	405
174	408
174	419
174	429
174	442
174	456
174	465
174	490
175	180
175	194
175	197
175	215
175	250
175	258
175	260
175	275
175	276
175	280
175	294
175	304
175	314
175	345
175	347
175	370
175	381
175	389
175	408
175	417
175	418
175	436
175	437
175	454
175	466
176	185
176	194
176	196
176	199
176	206
176	209
176	214
176	221
176	230
176	240
176	248
176	254
176	258
176	261
176	278
176	280
176	295
176	303
176	309
176	317
176	333
176	341
176	363
176	379
176	383
176	388
176	413
176	414
176	416
176	435
176	462
176	468
176	475
176	480
176	482
176	484
176	490
177	180
177	185
177	195
177	200
177	203
177	207
177	208
177	215
177	217
177	244
177	262
177	268
177	269
177	273
177	300
177	308
177	332
177	343
177	364
177	380
177	397
177	447
177	455
178	192
178	204
178	211
178	212
178	216
178	238
178	241
178	243
178	252
178	254
178	259
178	263
178	275
178	281
178	300
178	314
178	321
178	334
178	336
178	342
178	353
178	390
178	391
178	393
178	394
178	401
178	413
178	429
178	439
178	440
178	453
178	455
178	456
178	459
178	463
178	472
178	482
178	486
178	489
178	498
179	182
179	185
179	186
179	190
179	226
179	232
179	236
179	248
179	256
179	276
179	302
179	303
179	309
179	311
179	322
179	329
179	354
179	355
179	361
179	367
179	371
179	378
179	393
179	396
179	398
179	400
179	404
179	425
179	427
179	451
179	453
179	458
179	465
179	479
180	191
180	193
180	206
180	221
180	224
180	242
180	251
180	252
180	258
180	262
180	266
180	315
180	329
180	335
180	371
180	381
180	387
180	391
180	399
180	430
180	431
180	469
180	482
180	484
180	489
180	491
181	206
181	223
181	262
181	263
181	291
181	303
181	335
181	341
181	370
181	385
181	395
181	414
181	431
181	463
181	484
182	188
182	191
182	194
182	195
182	199
182	201
182	207
182	216
182	218
182	226
182	234
182	236
182	261
182	286
182	292
182	300
182	313
182	322
182	324
182	333
182	344
182	345
182	356
182	363
182	364
182	382
182	417
182	418
182	420
182	423
182	452
182	457
182	462
182	464
182	470
182	478
182	479
182	493
183	192
183	201
183	220
183	221
183	226
183	233
183	244
183	262
183	269
183	273
183	282
183	283
183	289
183	292
183	296
183	301
183	304
183	344
183	347
183	350
183	352
183	361
183	366
183	373
183	381
183	396
183	402
183	406
183	431
183	441
183	462
183	470
183	480
183	499
184	209
184	210
184	216
184	227
184	235
184	241
184	255
184	256
184	276
184	277
184	317
184	333
184	350
184	352
184	354
184	377
184	378
184	394
184	399
184	411
184	422
184	435
184	439
184	442
184	445
184	464
184	478
184	485
184	488
184	490
185	195
185	197
185	202
185	204
185	208
185	216
185	217
185	221
185	240
185	242
185	246
185	250
185	252
185	253
185	254
185	271
185	284
185	291
185	304
185	307
185	329
185	336
185	340
185	346
185	356
185	370
185	373
185	377
185	384
185	385
185	392
185	394
185	414
185	421
185	425
185	437
185	446
185	447
185	452
185	462
185	483
185	484
186	190
186	214
186	219
186	237
186	239
186	253
186	266
186	289
186	291
186	299
186	300
186	314
186	358
186	359
186	364
186	372
186	375
186	385
186	404
186	406
186	409
186	452
186	458
186	459
186	484
186	488
186	498
187	225
187	236
187	245
